Branch: 0
3,50	1,00	0,00	2,00	3,00	1,00	0,50	20,00
1,83	1,33	1,00	2,33	1,67	1,67	0,17	6,67

Branch: 011
3,50	1,00	0,00	2,00	3,00	1,00	0,50	0,00	20,00
1,83	1,33	1,00	2,33	1,67	1,67	0,17	0,00	6,67
-1,83	-1,33	-0,00	-2,33	-1,67	-1,67	-0,17	1,00	-0,67

Branch: 011
2,40	0,20	0,00	0,60	2,00	0,00	0,40	0,60	19,60
0,00	0,00	1,00	0,00	0,00	0,00	0,00	1,00	6,00
1,10	0,80	0,00	1,40	1,00	1,00	0,10	-0,60	0,40

Branch: 022
3,50	1,00	0,00	2,00	3,00	1,00	0,50	0,00	20,00
1,83	1,33	1,00	2,33	1,67	1,67	0,17	0,00	6,67
1,83	1,33	0,00	2,33	1,67	1,67	0,17	1,00	-0,33

